0.000000
0.100267
0.198952
0.294500
0.385403
0.470228
0.547638
0.616411
0.675462
0.723862
0.760845
0.785830
0.798421
0.798421
0.785830
0.760845
0.723862
0.675462
0.616411
0.547638
0.470228
0.385403
0.294500
0.198952
0.100267
0.000000
-0.100267
-0.198952
-0.294500
-0.385403
-0.470228
-0.547638
-0.616411
-0.675462
-0.723862
-0.760845
-0.785830
-0.798421
-0.798421
-0.785830
-0.760845
-0.723862
-0.675462
-0.616411
-0.547638
-0.470228
-0.385403
-0.294500
-0.198952
-0.100267
-0.000000
0.100267
0.198952
0.294500
0.385403
0.470228
0.547638
0.616411
0.675462
0.723862
0.760845
0.785830
0.798421
0.798421
0.785830
0.760845
0.723862
0.675462
0.616411
0.547638
0.470228
0.385403
0.294500
0.198952
0.100267
0.000000
-0.100267
-0.198952
-0.294500
-0.385403
-0.470228
-0.547638
-0.616411
-0.675462
-0.723862
-0.760845
-0.785830
-0.798421
-0.798421
-0.785830
-0.760845
-0.723862
-0.675462
-0.616411
-0.547638
-0.470228
-0.385403
-0.294500
-0.198952
-0.100267
-0.000000
0.100267
0.198952
0.294500
0.385403
0.470228
0.547638
0.616411
0.675462
0.723862
0.760845
0.785830
0.798421
0.798421
0.785830
0.760845
0.723862
0.675462
0.616411
0.547638
0.470228
0.385403
0.294500
0.198952
0.100267
0.000000
-0.100267
-0.198952
-0.294500
-0.385403
-0.470228
-0.547638
-0.616411
-0.675462
-0.723862
-0.760845
-0.785830
-0.798421
-0.798421
-0.785830
-0.760845
-0.723862
-0.675462
-0.616411
-0.547638
-0.470228
-0.385403
-0.294500
-0.198952
-0.100267
-0.000000
0.100267
0.198952
0.294500
0.385403
0.470228
0.547638
0.616411
0.675462
0.723862
0.760845
0.785830
0.798421
0.798421
0.785830
0.760845
0.723862
0.675462
0.616411
0.547638
0.470228
0.385403
0.294500
0.198952
0.100267
0.000000
-0.100267
-0.198952
-0.294500
-0.385403
-0.470228
-0.547638
-0.616411
-0.675462
-0.723862
-0.760845
-0.785830
-0.798421
-0.798421
-0.785830
-0.760845
-0.723862
-0.675462
-0.616411
-0.547638
-0.470228
-0.385403
-0.294500
-0.198952
-0.100267
-0.000000
0.100267
0.198952
0.294500
0.385403
0.470228
0.547638
0.616411
0.675462
0.723862
0.760845
0.785830
0.798421
0.798421
0.785830
0.760845
0.723862
0.675462
0.616411
0.547638
0.470228
0.385403
0.294500
0.198952
0.100267
0.000000
-0.100267
-0.198952
-0.294500
-0.385403
-0.470228
-0.547638
-0.616411
-0.675462
-0.723862
-0.760845
-0.785830
-0.798421
-0.798421
-0.785830
-0.760845
-0.723862
-0.675462
-0.616411
-0.547638
-0.470228
-0.385403
-0.294500
-0.198952
-0.100267
-0.000000
0.100267
0.198952
0.294500
0.385403
0.470228
0.547638
0.616411
0.675462
0.723862
0.760845
0.785830
0.798421
0.798421
0.785830
0.760845
0.723862
0.675462
0.616411
0.547638
0.470228
0.385403
0.294500
0.198952
0.100267
0.000000
-0.100267
-0.198952
-0.294500
-0.385403
-0.470228
-0.547638
-0.616411
-0.675462
-0.723862
-0.760845
-0.785830
-0.798421
-0.798421
-0.785830
-0.760845
-0.723862
-0.675462
-0.616411
-0.547638
-0.470228
-0.385403
-0.294500
-0.198952
-0.100267
-0.000000
0.100267
0.198952
0.294500
0.385403
0.470228
0.547638
0.616411
0.675462
0.723862
0.760845
0.785830
0.798421
0.798421
0.785830
0.760845
0.723862
0.675462
0.616411
0.547638
0.470228
0.385403
0.294500
0.198952
0.100267
0.000000
-0.100267
-0.198952
-0.294500
-0.385403
-0.470228
-0.547638
-0.616411
-0.675462
-0.723862
-0.760845
-0.785830
-0.798421
-0.798421
-0.785830
-0.760845
-0.723862
-0.675462
-0.616411
-0.547638
-0.470228
-0.385403
-0.294500
-0.198952
-0.100267
-0.000000
0.100267
0.198952
0.294500
0.385403
0.470228
0.547638
0.616411
0.675462
0.723862
0.760845
0.785830
0.798421
0.798421
0.785830
0.760845
0.723862
0.675462
0.616411
0.547638
0.470228
0.385403
0.294500
0.198952
0.100267
0.000000
-0.100267
-0.198952
-0.294500
-0.385403
-0.470228
-0.547638
-0.616411
-0.675462
-0.723862
-0.760845
-0.785830
-0.798421
-0.798421
-0.785830
-0.760845
-0.723862
-0.675462
-0.616411
-0.547638
-0.470228
-0.385403
-0.294500
-0.198952
-0.100267
-0.000000
0.100267
0.198952
0.294500
0.385403
0.470228
0.547638
0.616411
0.675462
0.723862
0.760845
0.785830
0.798421
0.798421
0.785830
0.760845
0.723862
0.675462
0.616411
0.547638
0.470228
0.385403
0.294500
0.198952
0.100267
-0.000000
-0.100267
-0.198952
-0.294500
-0.385403
-0.470228
-0.547638
-0.616411
-0.675462
-0.723862
-0.760845
-0.785830
-0.798421
-0.798421
-0.785830
-0.760845
-0.723862
-0.675462
-0.616411
-0.547638
-0.470228
-0.385403
-0.294500
-0.198952
-0.100267
-0.000000
0.100267
0.198952
0.294500
0.385403
0.470228
0.547638
0.616411
0.675462
0.723862
