     0
  4107
  8149
 12062
 15786
 19259
 22430
 25246
 27665
 29647
 31162
 32186
 32701
 32701
 32186
 31162
 29647
 27665
 25246
 22430
 19259
 15786
 12062
  8149
  4107
     0
 -4107
 -8149
-12062
-15786
-19259
-22430
-25246
-27665
-29647
-31162
-32186
-32701
-32701
-32186
-31162
-29647
-27665
-25246
-22430
-19259
-15786
-12062
 -8149
 -4107
    -0
  4107
  8149
 12062
 15786
 19259
 22430
 25246
 27665
 29647
 31162
 32186
 32701
 32701
 32186
 31162
 29647
 27665
 25246
 22430
 19259
 15786
 12062
  8149
  4107
     0
 -4107
 -8149
-12062
-15786
-19259
-22430
-25246
-27665
-29647
-31162
-32186
-32701
-32701
-32186
-31162
-29647
-27665
-25246
-22430
-19259
-15786
-12062
 -8149
 -4107
    -0
  4107
  8149
 12062
 15786
 19259
 22430
 25246
 27665
 29647
 31162
 32186
 32701
 32701
 32186
 31162
 29647
 27665
 25246
 22430
 19259
 15786
 12062
  8149
  4107
     0
 -4107
 -8149
-12062
-15786
-19259
-22430
-25246
-27665
-29647
-31162
-32186
-32701
-32701
-32186
-31162
-29647
-27665
-25246
-22430
-19259
-15786
-12062
 -8149
 -4107
    -0
  4107
  8149
 12062
 15786
 19259
 22430
 25246
 27665
 29647
 31162
 32186
 32701
 32701
 32186
 31162
 29647
 27665
 25246
 22430
 19259
 15786
 12062
  8149
  4107
     0
 -4107
 -8149
-12062
-15786
-19259
-22430
-25246
-27665
-29647
-31162
-32186
-32701
-32701
-32186
-31162
-29647
-27665
-25246
-22430
-19259
-15786
-12062
 -8149
 -4107
    -0
  4107
  8149
 12062
 15786
 19259
 22430
 25246
 27665
 29647
 31162
 32186
 32701
 32701
 32186
 31162
 29647
 27665
 25246
 22430
 19259
 15786
 12062
  8149
  4107
     0
 -4107
 -8149
-12062
-15786
-19259
-22430
-25246
-27665
-29647
-31162
-32186
-32701
-32701
-32186
-31162
-29647
-27665
-25246
-22430
-19259
-15786
-12062
 -8149
 -4107
    -0
  4107
  8149
 12062
 15786
 19259
 22430
 25246
 27665
 29647
 31162
 32186
 32701
 32701
 32186
 31162
 29647
 27665
 25246
 22430
 19259
 15786
 12062
  8149
  4107
     0
 -4107
 -8149
-12062
-15786
-19259
-22430
-25246
-27665
-29647
-31162
-32186
-32701
-32701
-32186
-31162
-29647
-27665
-25246
-22430
-19259
-15786
-12062
 -8149
 -4107
    -0
  4107
  8149
 12062
 15786
 19259
 22430
 25246
 27665
 29647
 31162
 32186
 32701
 32701
 32186
 31162
 29647
 27665
 25246
 22430
 19259
 15786
 12062
  8149
  4107
     0
 -4107
 -8149
-12062
-15786
-19259
-22430
-25246
-27665
-29647
-31162
-32186
-32701
-32701
-32186
-31162
-29647
-27665
-25246
-22430
-19259
-15786
-12062
 -8149
 -4107
    -0
  4107
  8149
 12062
 15786
 19259
 22430
 25246
 27665
 29647
 31162
 32186
 32701
 32701
 32186
 31162
 29647
 27665
 25246
 22430
 19259
 15786
 12062
  8149
  4107
     0
 -4107
 -8149
-12062
-15786
-19259
-22430
-25246
-27665
-29647
-31162
-32186
-32701
-32701
-32186
-31162
-29647
-27665
-25246
-22430
-19259
-15786
-12062
 -8149
 -4107
    -0
  4107
  8149
 12062
 15786
 19259
 22430
 25246
 27665
 29647
 31162
 32186
 32701
 32701
 32186
 31162
 29647
 27665
 25246
 22430
 19259
 15786
 12062
  8149
  4107
    -0
 -4107
 -8149
-12062
-15786
-19259
-22430
-25246
-27665
-29647
-31162
-32186
-32701
-32701
-32186
-31162
-29647
-27665
-25246
-22430
-19259
-15786
-12062
 -8149
 -4107
    -0
  4107
  8149
 12062
 15786
 19259
 22430
 25246
 27665
 29647
